+-----+---------+---------+---------+---------+---------+---------+---------+---------+---------+-----+
| 100 |  0      |  0      |  0      |  0      |  0      |  0      |  0      |  0      |  0      | 100 |
+-----+---------+---------+---------+---------+---------+---------+---------+---------+---------+-----+
| 100 | 49.1079 | 28.7626 | 19.4624 | 15.1729 | 13.9054 | 15.1748 | 19.4656 | 28.766  | 49.1104 | 100 |
+-----+---------+---------+---------+---------+---------+---------+---------+---------+---------+-----+
| 100 | 67.672  | 46.4845 | 33.9195 | 27.3297 | 25.2795 | 27.3329 | 33.925  | 46.4905 | 67.6763 | 100 |
+-----+---------+---------+---------+---------+---------+---------+---------+---------+---------+-----+
| 100 | 75.1001 | 55.5903 | 42.4091 | 34.955  | 32.5576 | 34.959  | 42.4159 | 55.5977 | 75.1053 | 100 |
+-----+---------+---------+---------+---------+---------+---------+---------+---------+---------+-----+
| 100 | 77.143  | 58.375  | 45.1804 | 37.5328 | 35.0452 | 37.5368 | 45.1872 | 58.3825 | 77.1483 | 100 |
+-----+---------+---------+---------+---------+---------+---------+---------+---------+---------+-----+
| 100 | 75.1017 | 55.5931 | 42.4127 | 34.959  | 32.5615 | 34.9625 | 42.4187 | 55.5996 | 75.1062 | 100 |
+-----+---------+---------+---------+---------+---------+---------+---------+---------+---------+-----+
| 100 | 67.6744 | 46.4888 | 33.925  | 27.3358 | 25.2855 | 27.3383 | 33.9293 | 46.4934 | 67.6777 | 100 |
+-----+---------+---------+---------+---------+---------+---------+---------+---------+---------+-----+
| 100 | 49.1099 | 28.766  | 19.4669 | 15.1779 | 13.9103 | 15.1792 | 19.469  | 28.7684 | 49.1115 | 100 |
+-----+---------+---------+---------+---------+---------+---------+---------+---------+---------+-----+
| 100 |  0      |  0      |  0      |  0      |  0      |  0      |  0      |  0      |  0      | 100 |
+-----+---------+---------+---------+---------+---------+---------+---------+---------+---------+-----+
|   0 |  0      |  0      |  0      |  0      |  0      |  0      |  0      |  0      |  0      |   0 |
+-----+---------+---------+---------+---------+---------+---------+---------+---------+---------+-----+
|   0 |  0      |  0      |  0      |  0      |  0      |  0      |  0      |  0      |  0      |   0 |
+-----+---------+---------+---------+---------+---------+---------+---------+---------+---------+-----+