+-----+---------+---------+-----------+-----------+-----------+-----------+----------+----------+---------+-----+
| 100 |  0      |  0      |  0        |   0       |   0       |   0       |  0       |  0       |  0      | 100 |
+-----+---------+---------+-----------+-----------+-----------+-----------+----------+----------+---------+-----+
| 100 | 43.3152 | 18.0872 |  4.7571   |  -2.70491 |  -6.19338 |  -5.97603 | -1.17641 | 10.8585  | 37.3252 | 100 |
+-----+---------+---------+-----------+-----------+-----------+-----------+----------+----------+---------+-----+
| 100 | 57.1763 | 27.2808 |  7.65164  |  -4.37737 | -10.0867  |  -9.52918 | -1.5841  | 16.2877  | 48.4433 | 100 |
+-----+---------+---------+-----------+-----------+-----------+-----------+----------+----------+---------+-----+
| 100 | 61.1133 | 30.2143 |  7.95392  |  -6.36102 | -13.2387  | -12.4627  | -2.91312 | 17.4366  | 51.1613 | 100 |
+-----+---------+---------+-----------+-----------+-----------+-----------+----------+----------+---------+-----+
| 100 | 61.0674 | 29.5165 |  6.31951  |  -8.77248 | -16.0355  | -15.162   | -5.03638 | 16.2142  | 50.7666 | 100 |
+-----+---------+---------+-----------+-----------+-----------+-----------+----------+----------+---------+-----+
| 100 | 58.6442 | 26.4717 |  3.58844  | -11.0041  | -17.9603  | -17.1061  | -7.27918 | 13.6933  | 48.6918 | 100 |
+-----+---------+---------+-----------+-----------+-----------+-----------+----------+----------+---------+-----+
| 100 | 53.0418 | 21.143  |  0.573351 | -11.865   | -17.6888  | -17.0173  | -8.66327 | 10.149   | 44.3081 | 100 |
+-----+---------+---------+-----------+-----------+-----------+-----------+----------+----------+---------+-----+
| 100 | 39.3824 | 12.4888 | -1.56881  |  -9.33591 | -12.9084  | -12.6074  | -7.50303 |  5.25937 | 33.3919 | 100 |
+-----+---------+---------+-----------+-----------+-----------+-----------+----------+----------+---------+-----+
| 100 |  0      |  0      |  0        |   0       |   0       |   0       |  0       |  0       |  0      | 100 |
+-----+---------+---------+-----------+-----------+-----------+-----------+----------+----------+---------+-----+
|   0 |  0      |  0      |  0        |   0       |   0       |   0       |  0       |  0       |  0      |   0 |
+-----+---------+---------+-----------+-----------+-----------+-----------+----------+----------+---------+-----+
|   0 |  0      |  0      |  0        |   0       |   0       |   0       |  0       |  0       |  0      |   0 |
+-----+---------+---------+-----------+-----------+-----------+-----------+----------+----------+---------+-----+